H KESO980101
D Quasichemical transfer energy derived from interfacial regions of
  protein-protein complexes
R PMID:9865952
A Keskin, O., Bahar, I., Badretdinov, A.Y., Ptitsyn, O.B. and Jernigan, R.L.
T Empirical solvent-mediated potentials hold for both intra-molecular
  and inter-molecular inter-residue interactions
J Protein Science 7, 2578-2586 (1998)
M rows = ARNDCQEGHILKMFPSTWYV, cols = ARNDCQEGHILKMFPSTWYV
  -3.51
  -3.26 -3.98
  -2.06 -2.67 -1.99
  -2.74 -3.92 -2.50 -2.47
  -3.99 -4.41 -1.76 -3.56 -7.23
  -3.65 -4.13 -3.00 -3.15 -4.37 -4.71
  -2.69 -4.05 -2.43 -2.35 -3.02 -3.45 -2.85
  -2.24 -2.71 -1.63 -1.84 -3.43 -3.02 -1.58 -1.77
  -3.29 -3.24 -3.05 -2.93 -4.79 -4.20 -3.15 -2.47 -3.08
  -4.45 -4.29 -3.42 -3.46 -5.53 -4.65 -3.99 -3.50 -4.55 -5.97
  -5.02 -5.01 -3.94 -4.16 -6.13 -5.36 -4.35 -3.79 -4.85 -6.67 -7.16
  -1.91 -2.11 -1.63 -2.47 -2.28 -2.56 -2.83 -1.32 -2.14 -2.88 -3.24 -1.02
  -4.42 -4.13 -3.05 -3.69 -5.07 -4.46 -3.76 -3.02 -4.47 -5.37 -6.24 -2.36 -5.89
  -4.43 -4.51 -3.89 -3.52 -4.81 -4.89 -4.10 -3.76 -3.82 -6.11 -6.65 -2.70 -5.58 -6.45
  -1.78 -2.43 -1.01 -1.24 -2.97 -2.67 -1.70 -1.01 -1.80 -3.09 -3.75 -0.50 -3.11 -3.46 -0.83
  -2.49 -2.78 -2.13 -2.34 -3.41 -3.06 -2.57 -1.68 -3.12 -3.47 -4.12 -1.91 -3.33 -4.01 -1.56 -2.14
  -2.38 -2.43 -2.05 -2.41 -2.92 -3.44 -2.34 -1.81 -2.73 -3.61 -4.28 -1.64 -3.33 -3.85 -1.24 -2.22 -2.12
  -4.66 -4.54 -3.31 -3.81 -4.70 -4.87 -3.84 -3.77 -4.50 -5.79 -6.40 -3.12 -5.49 -5.72 -3.96 -2.86 -3.48 -5.16
  -3.96 -4.32 -3.14 -3.63 -4.71 -4.75 -3.62 -3.34 -3.78 -5.39 -5.67 -2.64 -5.01 -5.33 -2.92 -3.43 -3.33 -5.12 -4.58
  -3.86 -3.70 -2.76 -3.28 -4.82 -4.29 -3.20 -2.77 -4.14 -5.31 -6.03 -2.19 -5.16 -5.33 -2.43 -2.95 -2.87 -4.70 -4.54 -4.86
//