H KESO980102
D Quasichemical energy in an average protein environment derived from interfacial
  regions of protein-protein complexes
R PMID:9865952
A Keskin, O., Bahar, I., Badretdinov, A.Y., Ptitsyn, O.B. and Jernigan, R.L.
T Empirical solvent-mediated potentials hold for both intra-molecular
  and inter-molecular inter-residue interactions
J Protein Science 7, 2578-2586 (1998)
M rows = ARNDCQEGHILKMFPSTWYV, cols = ARNDCQEGHILKMFPSTWYV
  -0.38
   0.16 -0.26
   0.31 -0.02 -0.40
   0.02 -0.87 -0.51 -0.07
   0.00 -0.12  1.46  0.06 -2.38
   0.08 -0.11 -0.05  0.21  0.21 -0.38
   0.20 -0.87 -0.30  0.17  0.72  0.03 -0.20
   0.08 -0.10 -0.09  0.11 -0.26 -0.11  0.50 -0.27
   0.01  0.35 -0.52  0.00 -0.64 -0.31 -0.10  0.01  0.38
  -0.08  0.37  0.16  0.54 -0.30  0.33  0.13  0.05 -0.02 -0.37
  -0.09  0.21  0.23  0.41 -0.34  0.17  0.34  0.33  0.25 -0.50 -0.42
   0.06  0.15 -0.44 -0.87 -0.50  0.00 -1.11 -0.17 -0.01  0.32  0.52 -0.22
  -0.27  0.30  0.32  0.09 -0.08  0.27  0.13  0.31 -0.17  0.00 -0.30  0.61 -0.74
   0.01  0.22 -0.22  0.55  0.49  0.14  0.09 -0.15  0.79 -0.44 -0.40  0.57 -0.14 -0.71
   0.19 -0.17  0.19  0.36 -0.15 -0.11  0.01  0.13  0.33  0.11  0.01  0.30 -0.14 -0.19 -0.03
   0.08  0.08 -0.32 -0.13  0.02  0.10 -0.25  0.08 -0.38  0.33  0.26 -0.50  0.25 -0.14 -0.15 -0.14
   0.14  0.38 -0.30 -0.26  0.46 -0.32 -0.07 -0.11 -0.05  0.14  0.04 -0.29  0.19 -0.02  0.11 -0.27 -0.22
  -0.38  0.04  0.20  0.11  0.44  0.01  0.20 -0.31 -0.05 -0.26 -0.31  1.00 -0.20 -0.13 -0.85  0.86  0.18  0.27
   0.00 -0.07  0.04 -0.04  0.10 -0.21  0.08 -0.21  0.34 -0.12  0.08  0.14 -0.05 -0.07 -0.13 -0.03  0.00 -0.02  0.20
  -0.11  0.35  0.22  0.11 -0.22  0.05  0.30  0.17 -0.23 -0.33 -0.48  0.40 -0.40 -0.27  0.16  0.25  0.27  0.20  0.03 -0.49
//