H MIYS850102
D Quasichemical energy of transfer of amino acids from water to the protein
  environment
A Miyazawa, S. and Jernigan, R.L.
T Estimation of Effective Interresidue Contact Energies
  from Protein Crystal-Structures-Quasi-Chemical Approximation
J Macromolecules 18, 534-552 (1985)
M rows = ARNDCQEGHILKMFPSTWYV, cols = ARNDCQEGHILKMFPSTWYV
  -2.51
  -1.50 -1.39
  -1.44 -1.41 -1.59
  -1.57 -1.98 -1.33 -0.96
  -3.38 -2.70 -2.59 -2.66 -5.44
  -1.70 -1.85 -1.36 -1.26 -2.73 -0.89
  -1.51 -2.07 -1.43 -1.23 -2.08 -1.33 -1.18
  -2.15 -1.68 -1.56 -1.62 -3.16 -1.54 -1.22 -2.17
  -2.09 -2.12 -2.01 -2.14 -3.63 -1.85 -2.27 -1.94 -2.78
  -4.41 -3.33 -2.99 -2.91 -5.03 -3.22 -3.23 -3.65 -3.76 -6.22
  -3.96 -3.15 -2.99 -2.59 -5.03 -3.09 -2.91 -3.43 -3.84 -6.17 -5.79
  -1.10 -0.06 -0.91 -1.32 -1.54 -1.02 -1.60 -0.84 -1.09 -2.70 -2.63  0.13
  -3.99 -3.49 -3.50 -2.90 -5.05 -3.17 -3.19 -3.75 -3.31 -6.33 -6.01 -3.11 -6.06
  -4.36 -3.54 -3.55 -3.31 -5.63 -3.30 -3.51 -3.72 -4.61 -6.39 -6.26 -2.83 -6.68 -6.85
  -1.81 -1.85 -1.43 -1.19 -2.92 -1.73 -1.40 -1.72 -2.17 -3.47 -3.06 -0.67 -4.11 -3.73 -1.18
  -1.89 -1.22 -1.31 -1.46 -2.86 -1.37 -1.48 -1.70 -1.94 -3.43 -3.16 -0.83 -3.55 -3.56 -1.35 -1.48
  -2.15 -1.97 -1.51 -1.66 -2.88 -1.59 -1.45 -2.03 -2.31 -3.74 -3.43 -1.02 -3.73 -3.76 -1.66 -1.59 -1.72
  -3.93 -3.56 -3.11 -2.91 -4.76 -3.16 -2.94 -3.37 -4.02 -5.64 -5.50 -2.49 -6.37 -6.02 -3.66 -2.95 -3.31 -5.42
  -2.85 -2.75 -2.47 -2.25 -3.89 -2.53 -2.42 -2.50 -3.33 -4.63 -4.26 -2.01 -4.92 -4.95 -2.80 -2.30 -2.48 -4.44 -3.55
  -3.62 -2.78 -2.36 -2.25 -4.46 -2.67 -2.56 -3.06 -3.38 -5.58 -5.38 -1.95 -5.52 -5.75 -2.96 -2.79 -2.95 -5.05 -4.05 -4.94
//