H SIMK990101
D Distance-dependent statistical potential (contacts within 0-5 Angstrooms)
R PMID:10336385
A Simons, K.T., Ruczinski, I., Kooperberg, C., Fox, B.A., Bystroff, C. and Baker,
  D.
T Improved recognition of native-like protein structures using
  a combination of sequence-dependent and sequence-independent
  features of proteins
J Proteins 34, 82-95 (1999)
M rows = ARNDCQEGHILKMFPSTWYV, cols = ARNDCQEGHILKMFPSTWYV
  -0.13571
   0.37121  0.23245
   0.25935 -0.27050 -0.61455
   0.33397 -0.78243 -0.41830  0.06704
   0.23079  0.49103  0.32481  0.53024 -1.79243
   0.26575 -0.25307 -0.26143 -0.00061  0.25200 -0.24068
   0.26471 -0.78607 -0.18010  0.24572  0.66360 -0.05835  0.51101
  -0.01467 -0.08319 -0.37069 -0.22435  0.20423 -0.01890  0.14922 -0.48115
   0.32413 -0.10894 -0.00420 -0.47402  0.24383 -0.03046 -0.10674  0.08603 -0.23317
  -0.22176  0.33584  0.38282  0.44972  0.12534  0.20555  0.21945  0.36527  0.10553 -0.3170
  -0.15025  0.19784  0.35359  0.38200  0.10747  0.07523  0.19892  0.30617  0.11443 -0.1261 -0.19983
   0.39894  0.55155 -0.07038 -0.90014  0.73178 -0.24804 -0.92364  0.00501  0.00361  0.2170  0.21292  0.56407
   0.03521  0.12999  0.02882  0.32317  0.04462 -0.03542  0.15161  0.14609  0.01416 -0.0879 -0.12860  0.15363 -0.13998
   0.08139  0.03136  0.26608  0.53784  0.09641  0.14340  0.25134  0.21293  0.03923 -0.1911 -0.22682  0.04828 -0.23360 -0.24651
   0.03615 -0.06999 -0.20175 -0.21449 -0.04477 -0.16569 -0.14194 -0.18438 -0.27877  0.5603  0.35217  0.04081  0.11287 -0.10484 -0.04170
   0.10475 -0.02548 -0.28825 -0.50285  0.11283 -0.06140 -0.35312 -0.27119 -0.11302  0.3130  0.27135  0.02715  0.19696  0.28005 -0.10791 -0.20955
  -0.04679 -0.05313 -0.28531 -0.36579  0.27539 -0.23014 -0.29144 -0.24551 -0.25624  0.2867  0.31011 -0.13219  0.30090  0.37472  0.02844 -0.32381 -0.19546
   0.20001 -0.33116  0.28602  0.50378  0.09401 -0.04570  0.16071  0.24344 -0.17229 -0.1598 -0.16843 -0.24586 -0.09998 -0.13588 -0.55908  0.36554  0.33614  0.05462
   0.12835 -0.14488  0.12638  0.46473  0.16464 -0.03777  0.18883  0.10640  0.02691 -0.1696 -0.20609 -0.16896 -0.22924 -0.01526 -0.41613  0.31614  0.36576 -0.03280 -0.01669
  -0.27134  0.33279  0.47451  0.44658  0.09778  0.08581  0.22764  0.23105  0.15787 -0.1963 -0.10641  0.23784  0.00637 -0.08226  0.39761  0.15369  0.14755  0.12174  0.02059 -0.29733
//