H ZHAC000106
D Environment-dependent residue contact energies (rows = coil, cols = coil)
R PMID:10706611
A Zhang, C. and Kim, S.H.
T Environment-dependent residue contact energies for proteins
J Proc. Natl. Acad. Sci. USA 97, 2550-2555 (2000)
M rows = ARNDCQEGHILKMFPSTWYV, cols = ARNDCQEGHILKMFPSTWYV
   0.12
   0.56  1.18
   0.59  0.83  0.83
   0.65  0.33  0.61  1.15
  -0.74 -0.25 -0.07 -0.12 -2.42
   0.70  0.94  0.87  0.96 -0.05  1.22
   1.32  0.54  1.09  1.48  0.20  1.11 2.18
   0.11  0.65  0.79  0.75 -0.56  0.73 1.16  0.35
   0.35  0.47  0.91  0.29 -0.83  0.83 0.74  0.53  0.28
  -0.45  0.05  0.40  0.47 -1.27  0.24 0.70  0.01 -0.21 -1.04
  -0.25  0.26  0.37  0.57 -1.25  0.38 0.82  0.13 -0.03 -1.15 -1.04
   1.06  1.65  1.11  0.58  0.76  1.29 0.93  1.08  1.23  0.48  0.78 2.23
   0.29  0.58  0.68  0.75 -0.74  0.65 1.08  0.54  0.19 -0.52 -0.68 1.15 -0.12
  -0.41  0.24  0.46  0.38 -1.44  0.39 0.55  0.09 -0.28 -1.09 -1.05 0.74 -0.60 -1.09
   0.48  0.82  1.09  1.26 -0.23  1.09 1.25  0.74  0.59  0.14  0.10 1.59  0.54 -0.04  1.11
   0.45  0.55  0.81  0.54 -0.47  0.75 0.87  0.61  0.46  0.09  0.01 1.24  0.56  0.17  0.94  0.87
   0.30  0.80  0.54  0.51 -0.37  0.81 0.81  0.38  0.31 -0.28 -0.05 1.10  0.46  0.08  0.67  0.54  0.69
  -0.28 -0.04  0.13  0.43 -0.63 -0.01 0.44 -0.17 -0.44 -1.28 -0.98 0.23 -0.50 -1.02 -0.33  0.14 -0.19 -0.46
  -0.07  0.22  0.40  0.38 -0.58  0.09 0.47  0.28 -0.18 -0.74 -0.56 0.62 -0.26 -0.63  0.04  0.23  0.27 -0.87 -0.18
  -0.18  0.43  0.54  0.59 -1.22  0.23 0.74  0.04  0.09 -0.90 -0.93 0.81 -0.31 -0.77  0.17  0.20 -0.10 -0.57 -0.38 -0.31
//